Country Notes,1997,1998,1999,2000,2001,2002,2003,2004,2005,2006
Albania,§,¶,66,64.2,60.7,70.3,77.8,88,88,99,108,112,138
Bosnia-Herzegovina,†,¶,67,.,.,.,.,.,.,.,.,.,.,362,252,226,189,181
Bulgaria,†,68,594,687,779,803,890,898,915,894,915,907
Croatia,69,2647,2041,1592,1128,1045,1130,915,831,867,876
Czech Rep.,70,2066,2244,2433,2509,2413,2579,2801,2687,2938,2715
Czechoslovakia,71,xxx,xxx,xxx,xxx,xxx,xxx,xxx,xxx,xxx,xxx
Estonia,72,102,108,134,158,184,220,254,268,334,376
German DR,73,xxx,xxx,xxx,xxx,xxx,xxx,xxx,xxx,xxx,xxx
Hungary,1235,1104,1261,1392,1528,1669,1801,1668,1651,1480
Kosovo,xxx,xxx,xxx,xxx,xxx,xxx,xxx,xxx,xxx,xxx
Latvia,74,69.6,75.0,97,122,153,250,288,311,362,455
Lithuania,150,261,200,261,306,305,298,344,375,415
Macedonia,,FYR75,110,113,101,115,366,159,145,152,142,136
Montenegro,76,xxx,xxx,xxx,xxx,xxx,xxx,xxx,xxx,72.8,71.9
Poland,77,5228,5423,5334,5177,5335,5426,5640,5897,6304,6712
Romania,2320,2108,1902,1810,1899,1889,1948,2095,2216,2284
Serbia,78,1061,971,910,1317,1049,1160,1016,939,787,794
Slovak Rep.,†,1361,1064,930,966,1089,1103,1170,1087,1178,1195
Slovenia,427,427,401,365,448,497,518,549,560,641
Yugoslavia (former),79,xxx,xxx,xxx,xxx,xxx,xxx,xxx,xxx,xxx,xxx
Armenia,†,80,137,135,145,147,143,142,163,180,220,260
Azerbaijan,81,162,184,241,255,289,311,388,470,550,1130
Belarus,180,168,168,186,232,241,244,295,384,499
Georgia,†,82,67.5,65.2,50.2,34.2,43.4,62.1,75.6,106,280,476
Moldova,†,¶,83,28.4,18.6,14.8,11.3,12.5,14.7,16.0,14.3,16.7,21.2
Russian Federation,84,23540,14000,15548,20982,22679,25123,26338,27536,31293,34633
Ukraine,§,85,1590,1285,1184,1468,1240,1318,1523,1644,1991,2234
USSR,84,xxx,xxx,xxx,xxx,xxx,xxx,xxx,xxx,xxx,xxx
Western,Europe
Austria,2965,2973,3034,3106,2894,2843,2961,2966,2902,2787
Belgium,5060,5059,5125,5124,4899,4750,4802,4702,4531,4495
Cyprus,†,740,661,409,436,515,352,341,354,385,378
Denmark,3879,3922,3898,3770,4003,3955,3839,3861,3679,4023
Finland,2532,2588,2254,2376,2264,2309,2682,2844,2919,2971
France,86,52451,51085,51517,50923,50768,51815,53372,54833,53714,53957
Germany,41966,42101,42959,42268,41573,41686,41117,39857,39237,38331
Greece,6293,6857,7179,7576,7409,7268,6227,6846,7403,7697
Iceland,†,87,.,.,.,.,.,.,.,.,.,.,.,.,.,.,.,.,.,.,.,.
Ireland,1044,1053,1089,1117,1213,1164,1116,1133,1148,1138
Italy,88,31364,32399,33669,35921,35330,36297,36591,36708,35311,34174
Luxembourg,89,189,203,206,211,264,235,249,262,265,259
Malta,†,45.6,41.9,40.5,39.4,42.0,41.5,42.8,45.2,57.0,46.3
Netherlands,9547,9512,9976,9583,9834,9824,9964,10039,10058,10526
Norway,4080,4350,4373,4228,4255,5114,4917,5041,4743,4734
Portugal,3413,3338,3513,3618,3763,3868,3732,3964,4201,4081
Spain,90,14558,15278,16789,17352,17159,15905,16142,16873,17083,17642
Sweden,91,5735,5899,6122,6251,5931,5773,5731,5394,5464,5379
Switzerland,†,¶,92,5781,5767,5337,5258,5135,4915,4788,4699,4625,4403
UK,93,47528,47792,47733,48981,50964,54265,58167,58846,59337,59720
