Country Notes,1988,1989,1990,1991,1992,1993,1994,1995,1996
Belize,.,.,7.0,7.4,7.3,8.0,9.1,11.5,11.4,10.6
Costa Rica,27,0.0,0.0,0.0,0.0,0.0,0.0,0.0,0.0,0.0
Cuba,28,.,.,.,.,.,.,.,.,.,.,.,.,.,.,.,.,.,.
Dominican Rep.,141,118,93.9,67.4,121,174,175,135,164
El Salvador,29,500,506,430,390,338,258,219,204,185
Guatemala,526,525,517,393,473,433,422,407,341
Haiti,30,8.2,8.6,8.5,8.8,7.9,7.6,6.2,7.5,0.0
Honduras,31,237,226,183,125,.,.,108,.,.,.,.,.,.
Jamaica,77.3,93.6,90.5,83.5,132.0,110.9,83.7,76.5,75.6
Nicaragua,32,.,.,.,.,100.2,83.1,55.6,46.9,47.7,47.8,42.9
Panama,33,179.9,177.8,126.6,134.4,132.4,159.2,166.8,157.9,163.4
Trinidad & Tobago,.,.,.,.,.,.,.,.,.,.,69.0,75.0,.,.,.,.
Argentina,35,9909,8054,5470,5489,5197,4904,5247,5144,4564
Bolivia,36,216,235,319,311,298,233,287,283,278
Brazil,14501,15261,12722,10304,8112,11145,13269,14919,13874
Chile,ยง,37,2201,2026,1915,1813,1836,2005,2124,2311,2330
Colombia,38,1914,1951,2040,2019,2306,2971,3103,3623,5616
Ecuador,39,570,541,568,538,516,582,551,855,754
Guyana,โก,40,14.8,11.6,6.1,4.8,7.6,8.7,10.4,9.9,8.9
Paraguay,41,304,254,247,377,318,291,269,314,292
Peru,42,2962,2052,1718,1245,1500,1703,1765,2074,2001
Uruguay,920,1012,988,690,839,810,770,793,852
Venezuela,43,12847,18132,10756,12946,11967,14932,10953,10520,7597
