Country Notes 1997 1998 1999 2000 2001 2002 2003 2004 2005 2006
Belize 12.4 . . . . 8.7 8.8 8.8 9.4 9.8 11.2 13.8
Costa Rica 27 0.0 0.0 0.0 0.0 0.0 0.0 0.0 0.0 0.0 0.0
Cuba 28 . . . . . . . . . . . . . . . . 102.4 96.9
Dominican Rep. 221 238 258 346 406 377 281 248 308 297
El Salvador 29 179 172 177 167 220 231 177 172 170 175
Guatemala 292 306 297 376 442 328 356 213 170 199
Haiti 30 0.0 0.0 0.0 0.0 0.0 0.0 0.0 0.0 0.0 0.0
Honduras 31 . . . . . . 96.9 111 110 139 100 98 113
Jamaica 86.4 71.3 68.1 66.9 71.2 85.9 89.5 83.0 79.7 94.9
Nicaragua 32 42.3 36.4 37.4 43.0 39.1 49.6 50.6 45.5 45.6 47.9
Panama 33 188.0 164.8 174.7 0.0 0.0 0.0 0.0 0.0 0.0 0.0
Trinidad & Tobago . . . . . . . . 33.8 45.5 76.4 166 200 218
Argentina 35 4488 4524 4662 4441 4375 3728 3840 3952 4151 4280
Bolivia 36 336 416 332 331 370 347 387 374 362 365
Brazil 13779 14810 15172 16434 19036 19290 15389 15989 17301 17914
Chile ยง 37 2486 2586 2676 2814 2877 2863 3248 3682 3786 4313
Colombia 38 3611 4313 4589 4658 5123 5379 5650 6031 6140 6492
Ecuador 39 862 949 726 707 741 867 1175 1099 1442 1393
Guyana โก 40 . . . . . . 21.2 24.2 27.1 25.5 33.8 26.6 25.9
Paraguay 41 241 224 201 195 177 171 153 181 161 184
Peru 42 1689 1678 1627 1487 1453 1350 1386 1357 1608 1659
Uruguay 842 840 862 850 843 777 677 654 662 692
Venezuela 43 12460 9682 8411 10320 10431 7662 7459 10575 14286 18848
